cle0212  2     2      2     0    
nlau     1     9      9     9    
sd0104   10    1280   232   12   
sd0109   1     39     39    39   
sd0302   58    958    132   0    
sd0303   11    2      2     0    
sd0304   1     0      0     0    
sd0305   3     0      0     0    
sd0401   20    0      0     0    
sd0402   20    0      0     0    
sd0405   13    0      0     0    
sd0406   145   169    131   0    
sd0407   1     153    153   153  
sop0108  14    3058   1423  0    
sop0211  8     128    64    2    
sop0212  6     287    103   0    
sop0409  39    18161  7434  2    
